Harsh
TF: 0.0025
IDF: 3.2188758248682006
TF-IDF: 0.0080471895621705

